              precision    recall  f1-score   support

           0       0.91      0.95      0.93       117
           1       0.80      0.92      0.86        53
           2       0.89      0.97      0.93       153
           3       0.89      0.80      0.85        51
           4       0.84      0.97      0.90        79
           5       0.87      0.76      0.81        34
           6       0.90      0.87      0.88        30
           7       1.00      0.35      0.51        26
           8       0.91      0.89      0.90        35
           9       0.99      0.90      0.95       143
          10       0.91      0.93      0.92        43
          11       0.98      0.98      0.98        43
          12       1.00      1.00      1.00        43
          13       1.00      1.00      1.00        21
          14       0.96      0.86      0.91        29
          15       0.93      1.00      0.96        51
          16       0.95      0.98      0.96        56
          17       1.00      0.86      0.92        21
          18       0.95      0.90      0.92        59
          19       0.98      0.96      0.97        57
          20       0.96      0.90      0.93        29
          21       0.65      0.53      0.58        38
          22       0.73      0.84      0.78        80
          23       0.92      0.60      0.73        20
          24       0.95      0.83      0.89        66
          25       0.90      0.95      0.92        57
          26       0.83      0.90      0.86        59
          27       0.76      0.78      0.77        37
          28       0.86      0.86      0.86        98
          29       0.87      0.92      0.89       118
          30       0.96      0.73      0.83        37
          31       0.78      0.87      0.83        71
          32       0.96      0.94      0.95       137
          33       0.68      0.71      0.69        24
          34       0.93      0.95      0.94       166

    accuracy                           0.89      2181
   macro avg       0.90      0.86      0.87      2181
weighted avg       0.90      0.89      0.89      2181
